 qd=    1.24500000000000     
 qa=    1.24500000000000     
 rd=   -4.00000000000000     
 ra=    4.00000000000000     
 ad=   7.435416666666664E-002
 bd=   0.574083333333333     
 cd=   2.075000000000002E-002
 aa=   7.435416666666668E-002
 ba=  -0.574083333333333     
 ca=   2.074999999999997E-002
